%4.2 Bevölkerungsentwicklung

A=[1950 ; 1960 ; 1970 ; 1980 ; 1990 ; 2000 ; 2010];
b=[151 ; 179 ; 203 ; 226 ; 250 ; 282 ; 310];

c = A \ b
